1.7139758131315714e-05 -2.3768636975662847e-08 0.002548167395563756 1.8167986633547842e-07 1.835910528727431e-07 0.9960023716158575 1.1473574253197137e-07 7.441935032677285e-07 0.0014308442013263106 2.765975927347937e-07 
1.4088125696653079e-06 -1.459579537272512e-07 1.5077687371820297e-06 1.11565596087478e-06 1.1273921355850033e-06 0.00040693721086717936 0.9900270963908114 4.569928053732789e-06 0.009554684274049577 1.6985247695436345e-06 
9.377683123293346e-05 -5.1681480587190045e-08 0.001930594494377659 3.7032804488000895e-05 0.00010208699398760868 8.400189291475599e-07 6.98490496190779e-05 0.004771621661700323 0.9908439416709918 0.002150308156153909 
0.9999879028140036 -1.2762028570331478e-07 1.3183377274065638e-06 9.754886858684603e-07 9.857503669302636e-07 2.074310846283613e-06 6.160474518292742e-07 3.995777612440467e-06 7.739657796931394e-07 1.4851278113173781e-06 
0.0606165623633839 -4.397282646988231e-07 0.864028105137829 3.361142350577979e-06 0.04550627431867315 0.006316953272384698 0.02350763171882134 1.3767845338675768e-05 2.6667753278027297e-06 5.117154155607639e-06 
4.830108917354114e-07 -5.0041632864209956e-08 5.169379788044352e-07 3.825022519923113e-07 3.8652599534498e-07 0.9998357735757922 2.415605030303726e-07 1.566798218534168e-06 3.3215087407591025e-05 0.00012748404259241587 
3.765859888166406e-07 -3.90156373626683e-08 0.0033172796241681397 0.0035534012408660193 0.9630719700158014 0.010572089282203994 0.001098765468633929 0.017966167751992945 2.366141716828798e-07 0.0004197524318099951 
3.5253372028780987e-06 -3.6523737465863287e-07 3.772959822318398e-06 2.791757788915071e-06 2.821125764624752e-06 5.936484498113568e-06 1.7630704455116284e-06 1.1435543470575307e-05 0.9999640686608696 4.25029751225507e-06 
9.02583134891611e-07 -9.351079786916192e-08 9.659813255503743e-07 7.147666597453049e-07 7.222856680148749e-07 0.9998155304813692 4.5139445056361595e-07 2.927813165343333e-06 5.671054345606557e-07 0.00017731109958989916 
0.00027398146506331015 -8.32887569277901e-08 8.603860265754644e-07 0.9777207444435121 0.0003778776204347284 0.008616321031134454 0.010509659393779769 0.0017931669992154657 0.0007065027114432839 9.692381473825611e-07 
0.9821758290863352 -3.006407563777675e-08 3.1056665430938037e-07 0.004712752190436087 2.084951322530368e-05 0.0033782809504154733 0.0024457927001504992 0.002575790478985469 0.0031445942690543896 0.0015458303088204811 
0.0001111039446036035 -4.411661348374911e-08 0.9803716515998543 0.0007853138331160293 8.339011050749591e-05 7.170613147143704e-07 2.1295930478625083e-07 0.006888150345224042 0.01165767227305052 0.00010183198963781695 
4.675662267360237e-07 -4.844151106812962e-08 5.004084676801431e-07 3.702714322641947e-07 3.741665131597862e-07 0.00012764691823244443 2.338364100332494e-07 0.0003258452320187467 0.005569829899351524 0.9939747801428583 
0.006917624184385816 -1.1852755249142332e-07 0.00444550957156367 8.719311493797696e-05 0.0001849303235009978 0.00039412188718968277 0.9879649302239475 3.711085099774933e-06 7.188220044610113e-07 1.3793149235037384e-06 
0.007837200306411983 -2.2805996992386588e-08 0.0007372171022779857 0.0014221681767010092 0.01817912829826117 0.9356789167796267 0.0012162149463471057 0.03291845652798486 1.904441169156959e-05 0.0019916762566955255 
0.000122140974842821 -4.443991700827644e-08 4.5907136841103114e-07 0.0016823727208498118 0.005390484835535982 0.011087520102738694 0.0012456854455128654 0.9646613122817318 2.6951024930917903e-07 0.015809799497086812 
7.593861132505132e-05 -4.211143953100049e-08 0.0031151330790154673 0.9776006013481301 0.015487529310865158 0.00012186169780757576 0.0002873753419800561 0.00034459144688959265 2.5538896854048233e-07 0.002966755886456848 
1.3592999065346808e-06 -1.4082826710339476e-07 1.454778263381305e-06 0.9987732803375277 1.0877699826973416e-06 2.2889903459000755e-06 6.798048963490553e-07 0.0012174969502791078 8.54066882477457e-07 1.6388301823826061e-06 
8.578621743220938e-05 -4.545463551992186e-08 4.6955357105795087e-07 3.474407099592214e-07 3.5109562242016277e-07 0.9980753589352954 4.234194319641991e-05 1.4231798180924107e-06 0.001793438129639017 5.289593499333256e-07 
0.0007019913454950427 -2.186191981609966e-07 0.0008190437018596016 0.0006323969480370826 1.6886340100052352e-06 0.001175017487826351 0.00034247283343823506 6.844943911912169e-06 0.9963182186349442 2.5440896757714105e-06 
0.006034276482482752 -3.722701656013873e-08 0.005842811844489353 2.8455141957192644e-07 2.875447663483996e-07 6.050793868695248e-07 1.62659659111068e-05 1.1655739409231647e-06 2.2576690483673417e-07 0.9881041144177147 
0.9852488529192908 -6.120276437518616e-08 6.322342318286045e-07 4.534048445708719e-05 6.434169799599914e-06 0.007831788760595332 5.245404767200165e-05 0.006813475194904258 3.7117018652612244e-07 7.12221626853265e-07 
5.341488101520321e-07 -5.533970167100272e-08 0.0001247292638851201 0.9998704855782117 4.2744874709667805e-07 8.994788154065276e-07 2.671352913177802e-07 1.732680191064507e-06 3.3561306586755886e-07 6.439926816389988e-07 
2.5338629945379974e-07 -2.6251714789557454e-08 2.4633774850396237e-05 2.0065971973602794e-07 2.0277056538263744e-07 0.9978324453493774 0.001986009150992665 0.00015581646042906927 1.5920610734735246e-07 3.0549337445755944e-07 
0.9733094424217846 -1.9929449242625006e-07 2.058743614166998e-06 0.0003559714243955891 0.02534678258876645 3.2392869594838988e-06 9.620325134533909e-07 0.000651521344419515 0.000327902245561441 2.3192064781352904e-06 
0.01331583241619929 -7.423743070075211e-08 0.0005537036883437167 0.003692276705148498 0.031671415223429596 0.010426079245562108 0.8634842184937648 0.07636741326981199 4.5022020298792053e-07 0.0004886849749674983 
0.0004370636827740851 -1.5580968048833535e-07 0.9989754179978647 1.1909594123499352e-06 0.00032294525739819406 2.532494802153093e-06 7.521230351914114e-07 4.878384573939417e-06 0.000253561739691523 1.8131701280127355e-06 
3.789257758179785e-07 -3.925804755280026e-08 0.00010525973249607732 3.878222585867763e-05 7.937624833572101e-05 0.0003215389813380277 1.8950608067841744e-07 0.9994209880458391 3.306874318018216e-05 4.568491436715955e-07 
4.869579988732737e-07 -5.045056709250233e-08 0.011762044739375282 0.009253972832463412 0.9062713946188468 6.102905682377412e-05 0.0032677937322108845 0.041371031241812815 1.7154837965093614e-05 0.027995142433070414 
6.108812452319768e-07 -6.328945272371978e-08 0.9996710825813787 4.837643539705048e-07 8.53872623549682e-05 1.0286922452545153e-06 8.720463516862786e-05 1.981586053528793e-06 3.838251133330085e-07 0.00015190006153838938 
2.472235918305116e-06 -2.5613236532419107e-07 2.645887826969433e-06 0.002111854866885243 1.978389028904042e-06 0.06235159573970666 0.00020724059786173197 8.019477197873428e-06 0.9343182248036775 0.0009962241342623746 
1.533098690962277e-06 -1.5883443448261004e-07 1.6407848190883029e-06 1.2140796653934821e-06 0.9842457660758035 2.581658459663232e-06 7.667240994369132e-07 0.0007472097757490028 0.00025664182433946133 0.014742804812808253 
6.453177449269966e-07 -6.685719561389587e-08 0.00011503417232129297 5.110350406350469e-07 5.164108883248991e-07 0.00029666119507694904 0.9992576697111969 0.0002562418430964998 7.200914911980249e-05 7.780227104624321e-07 
1.390694863979381e-06 -1.440808954832448e-07 0.9991843777776576 0.00030760269714209934 0.0004966739158419255 2.3418578213963896e-06 6.955059537014292e-07 4.511157559157307e-06 8.737927673255364e-07 1.6766812876373395e-06 
0.9848566913581468 -8.48854507309134e-08 0.000264570667581488 6.488372622464647e-07 0.007876516293694092 1.3797086424970524e-06 0.006935440885815755 2.6577544610816663e-06 6.119156084103697e-05 9.878190051208762e-07 
1.5392025523920358e-07 -1.5946681606643827e-08 1.6473174208254295e-07 8.401061069612483e-06 0.0010326431956821898 2.5919370448512846e-07 0.0027690390191682382 0.9961890725419879 9.671021965815692e-08 1.8557285169621657e-07 
0.0034040044846519587 -2.51780991023722e-08 0.0023074973592295176 0.013784372658543171 4.890305451276611e-05 0.9783201765825883 0.0017110208385529649 7.047377696937338e-05 0.00035328342343138823 2.929996199817847e-07 
4.773455290516019e-06 -4.945468129786501e-07 5.108746763301583e-06 3.7801578176567855e-06 3.819923295667986e-06 8.038250443518325e-06 0.9999507354949901 1.5484208272325983e-05 2.9992278076512394e-06 5.7550821321652165e-06 
2.116219799440244e-06 -2.192478390768283e-07 0.001131790099360068 1.6758604264353207e-06 1.6934896880037086e-06 3.5636040784188263e-06 0.00011339552815322347 6.8646265923254066e-06 0.036479005729543684 0.9622601140901974 
0.0010189412228654628 -3.2198237452768433e-07 3.326128832579247e-06 0.9893291638783849 2.487020320371357e-06 0.00048183753009124487 1.5542703126589745e-06 1.0081234003261013e-05 0.008356709958916566 0.0007962207386477304 
6.538348185938951e-05 -5.559251921718439e-08 5.4999880195733844e-05 6.0832317874205944e-05 0.982585696491304 9.035880538029562e-07 2.6835568981669216e-07 0.008929358217471147 0.008238665726995841 6.394753307461263e-05 
3.705008376687144e-07 -3.838519423006383e-08 0.0026313796907456066 0.9573384886767896 0.000972896480745119 0.006511765732981274 0.002610868663270737 0.01913593257348192 0.00024386708149081433 0.010554468984851682 
0.00014185086221814362 -7.856092632355439e-08 0.020281162214602855 6.004946185289903e-07 0.00010482987768189646 0.00018551765541707947 5.509669830526795e-05 2.459734272543553e-06 0.9748906812891512 0.004337879734659221 
6.512013409617953e-05 -2.4645370397518087e-08 0.00042075268885237557 2.2326637335038863e-05 0.0048881109492273445 0.9900731073530733 0.0005883411373428359 0.003908125205188153 1.4946427372749416e-07 3.399107598049e-05 
0.00014792597806899415 -6.475086217133827e-08 0.9874995481126969 0.00010181900663938291 0.00011735319998290048 1.0524456591522377e-06 3.1256475743311514e-07 0.011803773273226154 4.3610037631757855e-05 0.00028467013219920156 
4.7562325285595004e-07 -4.9276247406314644e-08 0.0033670244304968636 0.9823085303140866 0.0006713417334653914 0.010422940556738335 0.002610989677388359 0.0001089184563158801 0.0005092550527389601 5.734317632747068e-07 
3.7761028991526044e-07 -3.9121758571106e-08 4.0413395098237456e-07 2.99034222083708e-07 3.021799211143997e-07 0.9999965498961806 1.8884818777822173e-07 1.2248981123669904e-06 2.3725775419311946e-07 4.5526313752864746e-07 
7.515866171107663e-07 -7.786702578067996e-08 8.043786866788325e-07 5.951906644987854e-07 6.014517896748424e-07 1.2656327734620857e-06 3.7587897997055185e-07 2.43800832012778e-06 0.9999923395941803 9.061450139697613e-07 
2.015052848018501e-07 -2.0876658590498195e-08 1.3824087290135388e-05 0.001560925298791635 0.010994618409951657 1.4613921606013405e-05 1.0077561146732383e-07 0.9856265647799322 4.121206235868947e-06 0.0017850508919542223 
7.271297301959569e-07 -7.533320599124386e-08 7.33565981554938e-05 0.012804923143141338 0.00010308900084631457 7.735575007031945e-05 3.147827109077129e-05 0.019457258553273245 2.176141921143622e-05 0.9674301254676867 
8.512302210678428e-06 -8.819045477949901e-07 9.110213403160895e-06 6.740996571578804e-06 6.811908677334976e-06 1.4334274200974269e-05 0.9336505568073971 2.7612337873783076e-05 5.348396904045995e-06 0.06627185466730963 
0.00017528295671489643 -8.906654394934634e-08 9.200714799456709e-07 0.9749697995502439 0.00015243733078989532 8.795518237037181e-05 4.299411895283798e-07 0.0008229513440451622 0.023653204814245807 0.00013710787546495137 
0.9982669261683628 -3.866366229549773e-08 6.579072077599884e-05 2.95532680526802e-07 4.391876274472064e-05 0.00012061546648817626 3.329791213256e-05 1.2105551665544943e-06 0.0013230798141071589 0.00014490373120382995 
0.018247655050103975 -6.842267805114611e-08 0.00012570746350755593 0.0005705214025007347 0.9308107096737964 1.1121265121065107e-06 0.009755485938670948 0.03444728046264676 5.450768946673289e-05 0.005987088615472874 
9.370478649300689e-07 -9.708146552253939e-08 1.0028668869134104e-06 0.013294838324760043 0.0005362892538532367 0.018386273119673377 0.00010188888529419392 0.0016476076602051951 5.887600998761369e-07 0.9660306711628278 
0.9979217259761594 -1.396571076668092e-07 1.4426800012472688e-06 6.692352585773848e-05 1.078723843692199e-06 0.0015773795176822708 7.791246776524576e-05 0.00035120460022421666 8.469642708394519e-07 1.625201303234008e-06 
3.5066477498965957e-06 -3.633010813771852e-07 3.7529576066033306e-06 2.776957381768463e-06 2.8061696641729078e-06 0.004424866886139656 1.7537235886584549e-06 1.1374918333258855e-05 0.9955452972759097 4.227764707322866e-06 
0.007286373620982363 -9.439408374968709e-08 0.00013798142663424878 7.215182147829011e-07 0.9924611571580929 1.5342597821961598e-06 4.556582399207353e-07 2.955468752598426e-06 0.00010781681163096339 1.0984717533573173e-06 
1.7364339294217516e-07 -1.79900682729698e-08 1.8584024939430107e-07 0.0014087776403619464 2.0058591908905926e-05 6.009283010150584e-05 8.684148963247334e-08 0.9984972908315864 1.3142419065941213e-05 2.0935191119848619e-07 
0.015137742000478748 -6.759101474995901e-08 9.006562245275852e-05 0.017539692601134298 0.004996204510606942 0.00017256795680406278 0.9380936448794868 0.023825830736335728 2.840052954315901e-05 0.00011591875417098537 
0.008205088913356312 -6.064289799993951e-08 6.26450723660399e-07 0.0018294391400003928 6.532131735231682e-05 9.856757519238018e-07 0.004981760512812814 0.011493115893073898 0.005992737602795644 0.9674309851370317 
1.3261477054348996e-06 -1.3739358207980227e-07 0.00020507475818660974 1.0501926405443344e-06 1.061240171988664e-06 2.2331637634822243e-06 0.9623113463704184 0.00045696177358601207 0.036350747769824485 0.0006703359772850446 
0.9998989140027522 -1.1402453218658593e-07 9.145545046924053e-05 8.715670901884648e-07 8.807355650596172e-07 1.8533285876424471e-06 5.504181573678045e-07 3.570096011533403e-06 6.915129947530292e-07 1.326912904085074e-06 
4.911852155905466e-07 -5.088852166169066e-08 5.256864739710455e-07 3.889755993569434e-07 5.2448173523063035e-05 8.271303566862462e-07 2.1912217334037065e-05 1.5933142169787014e-06 3.0861844673255204e-07 0.9999215555873555 
5.03066693193972e-06 -5.211948466954065e-07 5.384025164508682e-06 0.9999495488790026 4.025755063474319e-06 8.47138147018992e-06 2.5159068986860477e-06 1.6318555382224414e-05 3.1608374301279167e-06 6.0651875027305335e-06 
1.4575856694791006e-07 -1.5101101898166457e-08 0.009273699203353615 1.490011280784198e-05 1.1664224582426413e-07 2.7767198437525482e-05 7.289589811612546e-08 0.9906595852412777 2.355231574313404e-05 1.7573277074964368e-07 
4.6377867222034126e-07 -4.804910705453485e-08 0.9996925069414971 7.471178671800644e-05 5.044332487812105e-05 0.00013767492180451248 2.3194220104186245e-07 1.504412446721851e-06 4.195178945888093e-05 5.5915142958971e-07 
1.4539244495116128e-06 -1.5063170367308015e-07 1.5560493130175574e-06 1.1513806120743033e-06 0.00021284363364150444 2.448333154884427e-06 0.9989715270991602 4.716262668929492e-06 9.135207881517324e-07 0.0008035404279159601 
4.367668141264447e-07 -4.5250583234795834e-08 3.9523407949212504e-05 0.0005352077935391572 0.011808187657883254 0.001227539472221031 3.395381468815527e-05 0.008067524325153543 0.0011293246102374024 0.9771583474020965 
4.955708279092701e-07 -5.134288657414588e-08 5.303801353493947e-07 0.00010111266862920592 3.965769940163094e-07 0.9995393783604125 2.4784190279195134e-07 0.00022595108662379105 3.1137398745082923e-07 0.00013162748337398466 
1.3875654061563954e-07 -1.4375667260934795e-08 0.0010902371755307596 0.0005225450564078073 0.006317077421094694 0.0005961607520826431 6.028955194885886e-06 0.9848328745491469 2.870889478800087e-06 0.006632080820190208 
0.9958992966185296 -4.086671507587735e-08 6.0826628475881075e-05 3.123721120465487e-07 0.0039363900654643645 6.642382115563042e-07 5.326523471556573e-05 1.2795325154951652e-06 4.753060735109087e-05 4.755693405785277e-07 
0.004359900251831859 -4.571583479694885e-08 0.00380351390597255 0.0005134110353208584 0.965954931827549 0.01379337105357605 0.0066896160826271705 0.00452963287671121 2.772481782809881e-07 0.0003553914340672525 
0.00011778092232827222 -9.008608523132582e-08 0.0002136402965388097 6.885892506277108e-07 6.958328848952249e-07 1.464238562582335e-06 0.9993960473310358 2.820585775811229e-06 0.00011078313307316642 0.0001561691566356487 
7.645863862024923e-07 -7.92138477330182e-08 8.621629407646541e-05 6.05485341157319e-07 6.118547614781937e-07 0.9989203673158211 3.8238034632648075e-07 0.000989729078848967 4.804001737287016e-07 9.218180923309878e-07 
4.481427751294901e-07 -4.642917293894648e-08 0.0033170246992731906 0.0001054202278126716 0.0080067067246632 7.546491255718338e-07 4.445852157632982e-05 0.00024507973669591585 2.815742876311853e-07 0.9882798721529624 
0.005026717187584899 -6.944725276753605e-08 0.0017534871643598204 0.00017204313890686128 0.04166175696815488 0.00019141191492310405 0.0030735834284860678 0.007822049062146149 0.9325346570188415 0.007764363563850255 
9.99963845213109e-07 -1.0359978310188797e-07 0.04215151741334388 0.9318976745217955 8.00213881702109e-07 1.6838871075752025e-06 5.000959058997453e-07 0.016130568135740195 0.009815153768926154 1.2055992374812992e-06 
0.9790447122135624 -1.0802847443678782e-07 0.00909279246752475 8.257351406476244e-07 0.011422005519712397 1.755870040540746e-06 0.0001485490211384751 3.3823600792127223e-06 6.551493125544472e-07 0.00028542969196308136 
3.214066836259418e-05 -2.652803549610216e-08 0.9914361911432861 0.00816145980394648 2.0490489094354485e-07 0.0002238478982919537 2.4046968776814713e-05 7.921701091667799e-05 2.1824629516186114e-05 2.109350004830033e-05 
0.0002302721837337944 -9.306614906506767e-08 9.61388033107459e-07 0.007902215344510438 7.188511613502375e-07 1.5126758364756022e-06 4.492480460072277e-07 2.913891258437964e-06 0.9916810268845246 0.00018002259904441667 
1.6032337684426748e-07 -1.661006760068269e-08 1.8348383320274096e-05 0.00105674827608053 2.5459482886222695e-05 2.699762282439806e-07 8.017996326932509e-08 0.9956894414487942 1.0073338929207712e-07 0.0032094078060287477 
0.9997277823381664 -4.012927928782717e-08 6.39976673310881e-05 6.183152299419104e-05 3.099621001835385e-07 9.513859430333222e-05 1.9371168237691147e-07 1.2564434791694422e-06 4.9062901482413605e-05 4.669877393710186e-07 
0.0007675753121927099 -1.4621598574126827e-07 1.5104342486803196e-06 0.9549176397606448 0.00029308997701990797 0.00016438548561063647 0.02018098796232532 0.0018981358661265553 2.933318137879228e-05 0.02174748823643831 
3.0203721126042374e-07 -3.129212093524284e-08 2.7842631788357198e-05 2.6258122202729227e-05 0.0011752227151400807 2.9375141661076315e-05 1.4841778091619072e-05 0.006057460434297371 0.0004819890282082266 0.9921867394035185 
1.2755184805556236e-06 -1.3214821571858962e-07 0.03819245295665637 0.010006397810970617 0.0002104885355633661 0.0006637522245158667 6.379046333314061e-07 0.018891490279103067 0.9320320990985855 1.5378197070949523e-06 
5.1911370364703056e-05 -2.2889251683839495e-08 0.0021367719708072514 1.5314802533650825e-05 0.0009856838106125166 1.716883171334793e-05 0.0032827666268632275 0.9927798661124084 0.0006901867746670913 4.0352589281462645e-05 
1.6119040171166975e-07 -1.6699894436559623e-08 0.007571223497092681 0.005420920114971357 0.9829431443107421 3.614951513964797e-05 8.461583493413238e-06 0.0003518447862042238 0.0007887600275059329 0.0028793516743440342 
5.519692017818609e-07 -5.7185957129616326e-08 0.9998870774112317 4.3711118387701874e-07 8.242051658269302e-05 9.294874280789302e-07 2.760475184330603e-07 2.7352355236924886e-05 3.468098637564189e-07 6.654777089861228e-07 
1.6119040171166975e-07 -1.6699894436559623e-08 0.007571223497092681 0.005420920114971357 0.9829431443107421 3.614951513964797e-05 8.461583493413238e-06 0.0003518447862042238 0.0007887600275059329 0.0028793516743440342 
0.00019492160474704606 -1.13367547671644e-07 0.00031731282645239094 9.6608709894239e-05 0.9981915328976637 0.00039336043956583185 5.1708892220951425e-05 0.0006068990270662909 6.875286475189575e-07 0.00014708144128980084 
0.017859256853139834 -6.763205587055918e-08 0.021146438398909728 0.7164107096768924 7.087900963756933e-05 5.3352627056082765e-05 6.486407871357949e-05 0.2392923556210528 1.5032718572874407e-05 0.0050871786480809165 
0.024723249655912598 -1.7620885045609873e-07 0.0002701640030905436 1.34688414951062e-06 1.361052735748165e-06 2.8640582310086334e-06 0.0001657672736876442 5.517080422490086e-06 0.9748278556436663 2.050556954722596e-06 
1.3958259778361424e-06 -1.4461249698581522e-07 1.4938699563334113e-06 0.009155957739330981 0.0003960743913146585 0.000868087348749162 0.9811929471701188 0.007957423894035599 0.00010276745323904077 0.0003239969197748655 
6.054639891059433e-07 -6.27282058722949e-08 6.683419065394572e-05 0.0001021216526146541 4.845182066058145e-07 0.00018043857741245338 3.028010098275909e-07 0.0002438963730405226 3.804213765793307e-07 0.9994049987299022 
1.1031057325899306e-06 -1.1428564660796376e-07 1.1805887974157635e-06 8.735629653925328e-07 8.827524359298352e-07 1.8575726815449165e-06 5.516786064652123e-07 3.5782714763780198e-06 0.9997231551628605 0.0002669315900898355 
1.1705251120104669e-06 -1.2127053222984638e-07 0.9842924355901059 7.633530234905063e-05 0.0006235348073424627 0.0011656012834021744 5.853959811362198e-07 0.0009690663425142613 0.01286998078851969 1.4112352054006348e-06 
3.290620631651336e-05 -3.104529182619912e-08 0.9447726915206542 0.009184162074124579 0.009818864428938982 0.0008045628510582614 0.005660816562674407 0.024389543151536564 0.0011050750275772058 0.004231409222411274 
1.0303578238824322e-07 -1.0674870654828942e-08 8.379735839249271e-06 0.0012388385021006442 0.0012351001332892829 0.000989639322313687 0.0015958448687201038 0.9897022976639274 2.492144559330386e-06 0.005227315268338723 
0.0010631251606635793 -2.680267571477447e-07 2.7687587749470995e-06 0.0005152923019510493 2.0702623626758984e-06 0.014496397173717625 0.00047275154689113897 8.391889344580572e-06 0.9834363518835293 3.1190495227592558e-06 
